Accuracy: 0.9881
Precision: 0.9882891619818581
Recall: 0.9879967937453626
F1 Score: 0.9880888620482802
