Accuracy: 0.9899
Precision: 0.9897981890907156
Recall: 0.989932789428859
F1 Score: 0.9898309240199131
