Accuracy: 0.9856
Precision: 0.9856497872783981
Recall: 0.9855030648167189
F1 Score: 0.9855310217875685
