Accuracy: 0.9877
Precision: 0.9878168624927198
Recall: 0.9875097563620155
F1 Score: 0.9876362079732152
