Accuracy: 0.9867
Precision: 0.9867853671890152
Recall: 0.9866596637258256
F1 Score: 0.9866501196012807
