Accuracy: 0.9912
Precision: 0.9912452303959324
Recall: 0.9910315015228935
F1 Score: 0.9911141348530002
