Accuracy: 0.9916
Precision: 0.9916584460536406
Recall: 0.9914679419837744
F1 Score: 0.9915394708352784
