Accuracy: 0.9897
Precision: 0.9896901159260058
Recall: 0.9896358998217198
F1 Score: 0.9896447503494002
