Accuracy: 0.781
Precision: 0.7813402968623756
Recall: 0.781
F1 Score: 0.7805672530554892
