Accuracy: 0.9909
Precision: 0.9909006357452996
Recall: 0.9907257160590299
F1 Score: 0.9907791441693783
