Accuracy: 0.9909
Precision: 0.9908204192659479
Recall: 0.9907811168198277
F1 Score: 0.9907823014672031
Test Time: 0:00:01.691743
Seconds: 1.691743
