Accuracy: 0.9882
Precision: 0.9881496452644167
Recall: 0.9880555084787656
F1 Score: 0.9880792425278304
