Accuracy: 0.9943
Precision: 0.9943097871566945
Recall: 0.994297889398899
F1 Score: 0.9942968319054423
