Accuracy: 0.9901
Precision: 0.9900421110767124
Recall: 0.9900008471284231
F1 Score: 0.9900110001897595
