Accuracy: 0.9915
Precision: 0.991540792152963
Recall: 0.9914141387469663
F1 Score: 0.9914582833323378
