Accuracy: 0.9896
Precision: 0.9894721262255421
Recall: 0.9895259201598738
F1 Score: 0.989469108883909
