Accuracy: 0.9875
Precision: 0.9875392871134544
Recall: 0.9873795577821234
F1 Score: 0.9874397743284895
