Accuracy: 0.9859
Precision: 0.9860517494685466
Recall: 0.9857641186161438
F1 Score: 0.9858667764194952
Test Time: 0:00:01.079975
Seconds: 1.079975
