Accuracy: 0.7692
Precision: 0.7699552610103471
Recall: 0.7692
F1 Score: 0.7680423548461147
