Accuracy: 0.9886
Precision: 0.9887044113201849
Recall: 0.9884583671014522
F1 Score: 0.9885558888716652
