Accuracy: 0.6048
Precision: 0.6089028928104445
Recall: 0.6048000000000001
F1 Score: 0.6046568626575477
