Accuracy: 0.6032
Precision: 0.6003988108289794
Recall: 0.6032000000000001
F1 Score: 0.6009007219439594
