Accuracy: 0.9904
Precision: 0.9904974413441454
Recall: 0.9902002873243332
F1 Score: 0.9903058159633202
