Accuracy: 0.5999
Precision: 0.6074221621622218
Recall: 0.5999
F1 Score: 0.6024007353661665
