Accuracy: 0.6153
Precision: 0.6254805752663415
Recall: 0.6153
F1 Score: 0.6182273412437607
