Accuracy: 0.9907
Precision: 0.9906229200390584
Recall: 0.9906597551485818
F1 Score: 0.9906113978083955
Test Time: 0:00:01.772730
Seconds: 1.77273
