Accuracy: 0.9913
Precision: 0.99125082134499
Recall: 0.9912476315271146
F1 Score: 0.9912424962684705
Test Time: 0:00:02.104596
Seconds: 2.104596
